{"autoClear":true,"clearColor":[0,0,0],"ambientColor":[0,0,0],"gravity":[0,-9.81,0],
"materials":[{"name":"sam.Material","id":"sam.Material","ambient":[0.8,0.8,0.8],"diffuse":[0.8,0.8,0.8],"specular":[0,0,0],"emissive":[0,0,0],"specularPower":50,"alpha":1,"backFaceCulling":true, "diffuseTexture":{"name":"face.png","level":1,"hasAlpha":1,"coordinatesMode":0,"uOffset":0,"vOffset":0,"uScale":1,"vScale":1,"uAng":0,"vAng":0,"wAng":0,"wrapU":1,"wrapV":1,"coordinatesIndex":0}, "bumpTexture":{"name":"face.png","level":5,"hasAlpha":1,"coordinatesMode":0,"uOffset":0,"vOffset":0,"uScale":1,"vScale":1,"uAng":0,"vAng":0,"wAng":0,"wrapU":1,"wrapV":1,"coordinatesIndex":0}},{"name":"sam.Material.001","id":"sam.Material.001","ambient":[0.004,0.8,0.0721],"diffuse":[0.0032,0.64,0.0576],"specular":[0.5,0.5,0.5],"emissive":[0,0,0],"specularPower":50,"alpha":1,"backFaceCulling":true},{"name":"sam.Material.002","id":"sam.Material.002","ambient":[0.8,0.8,0.8],"diffuse":[0.64,0.64,0.64],"specular":[0.5,0.5,0.5],"emissive":[0,0,0],"specularPower":50,"alpha":1,"backFaceCulling":true, "diffuseTexture":{"name":"stripes.png","level":1,"hasAlpha":1,"coordinatesMode":0,"uOffset":0,"vOffset":0,"uScale":1,"vScale":1,"uAng":0,"vAng":0,"wAng":0,"wrapU":1,"wrapV":1,"coordinatesIndex":0}},{"name":"sam.Material.003","id":"sam.Material.003","ambient":[0.7613,0.0071,0.0026],"diffuse":[0.609,0.0057,0.0021],"specular":[0.3,0.3,0.3],"emissive":[0,0,0],"specularPower":50,"alpha":1,"backFaceCulling":true}],
"multiMaterials":[{"name":"sam.Multimaterial#0","id":"sam.Multimaterial#0","materials":["sam.Material.001","sam.Material","sam.Material.002","sam.Material.003"]}],
"skeletons":[{"name":"Linx.001","id":0,"bones":[
{"name":"Bone","index":0,"matrix":[1,0,0,0,0,1,0,0,0,0,-1,0,-0.0116,-0.3256,0.003,1],"parentBoneIndex":-1,"animation":{"dataType":3,"framePerSecond":24,"keys":[{"frame":0,"values":[1,0,0,0,0,1,0,0,0,0,-1,0,-0.0116,-0.3256,0.003,1]},{"frame":111,"values":[0.9999,-0.0159,0,0,0.0159,0.9999,0,0,0,0,-1,0,-0.0116,-0.3256,0.003,1]},{"frame":112,"values":[0.9983,-0.0576,0,0,0.0576,0.9983,0,0,0,0,-1,0,-0.0116,-0.3256,0.003,1]},{"frame":113,"values":[0.9951,-0.0992,0,0,0.0992,0.9951,0,0,0,0,-1,0,-0.0116,-0.3256,0.003,1]},{"frame":114,"values":[0.9934,-0.115,0,0,0.115,0.9934,0,0,0,0,-1,0,-0.0116,-0.3256,0.003,1]},{"frame":115,"values":[0.9936,-0.1129,0,0,0.1129,0.9936,0,0,0,0,-1,0,-0.0116,-0.3256,0.003,1]},{"frame":116,"values":[0.9943,-0.1066,0,0,0.1066,0.9943,0,0,0,0,-1,0,-0.0116,-0.3256,0.003,1]},{"frame":117,"values":[0.9954,-0.0962,0,0,0.0962,0.9954,0,0,0,0,-1,0,-0.0116,-0.3256,0.003,1]},{"frame":118,"values":[0.9966,-0.0824,0,0,0.0824,0.9966,0,0,0,0,-1,0,-0.0116,-0.3256,0.003,1]},{"frame":119,"values":[0.9978,-0.0661,0,0,0.0661,0.9978,0,0,0,0,-1,0,-0.0116,-0.3256,0.003,1]},{"frame":120,"values":[0.9988,-0.0491,0,0,0.0491,0.9988,0,0,0,0,-1,0,-0.0116,-0.3256,0.003,1]},{"frame":121,"values":[0.9995,-0.0328,0,0,0.0328,0.9995,0,0,0,0,-1,0,-0.0116,-0.3256,0.003,1]},{"frame":122,"values":[0.9998,-0.0189,0,0,0.0189,0.9998,0,0,0,0,-1,0,-0.0116,-0.3256,0.003,1]},{"frame":123,"values":[1,-0.0085,0,0,0.0085,1,0,0,0,0,-1,0,-0.0116,-0.3256,0.003,1]},{"frame":124,"values":[1,-0.0021,0,0,0.0021,1,0,0,0,0,-1,0,-0.0116,-0.3256,0.003,1]},{"frame":125,"values":[1,0,0,0,0,1,0,0,0,0,-1,0,-0.0116,-0.3256,0.003,1]}],"loopBehavior":1,"name":"anim","property":"_matrix"}},
{"name":"Bone.001","index":1,"matrix":[-1,0,0,0,0,-0.9795,0.2012,0,0,0.2012,0.9796,0,-0.0139,0.5776,0.3864,1],"parentBoneIndex":0,"animation":{"dataType":3,"framePerSecond":24,"keys":[{"frame":0,"values":[-1,0,0,0,0,-0.9795,0.2012,0,0,0.2012,0.9796,0,-0.0139,0.5776,0.3864,1]},{"frame":2,"values":[-1,-0.0081,0.0016,0,0.0083,-0.9795,0.2012,0,-0.0001,0.2012,0.9796,0,-0.0139,0.5776,0.3864,1]},{"frame":3,"values":[-0.9994,-0.0329,0.0065,0,0.0335,-0.979,0.2011,0,-0.0003,0.2012,0.9795,0,-0.0139,0.5776,0.3864,1]},{"frame":4,"values":[-0.9971,-0.0747,0.0147,0,0.0761,-0.9767,0.2007,0,-0.0006,0.2013,0.9795,0,-0.0139,0.5776,0.3864,1]},{"frame":5,"values":[-0.9907,-0.1337,0.0264,0,0.1363,-0.9704,0.1995,0,-0.0011,0.2013,0.9795,0,-0.0139,0.5776,0.3864,1]},{"frame":6,"values":[-0.977,-0.2094,0.0413,0,0.2134,-0.9569,0.197,0,-0.0017,0.2012,0.9795,0,-0.0139,0.5776,0.3864,1]},{"frame":7,"values":[-0.9521,-0.2999,0.0592,0,0.3056,-0.9325,0.1923,0,-0.0025,0.2011,0.9796,0,-0.0139,0.5776,0.3864,1]},{"frame":8,"values":[-0.9124,-0.4015,0.0792,0,0.4093,-0.8935,0.1847,0,-0.0033,0.2009,0.9796,0,-0.0139,0.5776,0.3864,1]},{"frame":9,"values":[-0.855,-0.5087,0.1004,0,0.5185,-0.8372,0.1737,0,-0.0043,0.2006,0.9797,0,-0.0139,0.5776,0.3864,1]},{"frame":10,"values":[-0.7796,-0.6145,0.1214,0,0.6263,-0.7632,0.1592,0,-0.0052,0.2001,0.9798,0,-0.0139,0.5776,0.3864,1]},{"frame":11,"values":[-0.6885,-0.7115,0.1406,0,0.7252,-0.6738,0.1417,0,-0.0061,0.1995,0.9799,0,-0.0139,0.5776,0.3864,1]},{"frame":12,"values":[-0.5873,-0.794,0.157,0,0.8093,-0.5745,0.1222,0,-0.0069,0.1988,0.98,0,-0.0139,0.5776,0.3864,1]},{"frame":13,"values":[-0.4832,-0.8589,0.1699,0,0.8755,-0.4723,0.1021,0,-0.0075,0.1981,0.9802,0,-0.0139,0.5776,0.3864,1]},{"frame":14,"values":[-0.3832,-0.9061,0.1793,0,0.9236,-0.3742,0.0828,0,-0.008,0.1973,0.9803,0,-0.0139,0.5776,0.3864,1]},{"frame":15,"values":[-0.2933,-0.9378,0.1856,0,0.956,-0.286,0.0655,0,-0.0083,0.1967,0.9804,0,-0.0139,0.5776,0.3864,1]},{"frame":16,"values":[-0.2175,-0.9575,0.1896,0,0.976,-0.2117,0.0508,0,-0.0086,0.1961,0.9806,0,-0.0139,0.5776,0.3864,1]},{"frame":17,"values":[-0.1581,-0.9686,0.1918,0,0.9874,-0.1534,0.0394,0,-0.0087,0.1956,0.9806,0,-0.0139,0.5776,0.3864,1]},{"frame":18,"values":[-0.1159,-0.9743,0.193,0,0.9932,-0.1119,0.0312,0,-0.0088,0.1953,0.9807,0,-0.0139,0.5776,0.3864,1]},{"frame":19,"values":[-0.0908,-0.9769,0.1935,0,0.9958,-0.0873,0.0263,0,-0.0088,0.1951,0.9807,0,-0.0139,0.5776,0.3864,1]},{"frame":20,"values":[-0.0825,-0.9776,0.1937,0,0.9966,-0.0792,0.0248,0,-0.0089,0.1951,0.9808,0,-0.0139,0.5776,0.3864,1]},{"frame":21,"values":[-0.0924,-0.9767,0.1937,0,0.9957,-0.0893,0.0248,0,-0.0069,0.1951,0.9808,0,-0.0139,0.5776,0.3864,1]},{"frame":22,"values":[-0.1225,-0.9734,0.1937,0,0.9925,-0.1199,0.0248,0,-0.0009,0.1953,0.9808,0,-0.0139,0.5776,0.3864,1]},{"frame":23,"values":[-0.1738,-0.9656,0.1937,0,0.9847,-0.1723,0.0248,0,0.0095,0.195,0.9808,0,-0.0139,0.5776,0.3864,1]},{"frame":24,"values":[-0.2472,-0.9494,0.1937,0,0.9687,-0.2472,0.0248,0,0.0244,0.1937,0.9808,0,-0.0139,0.5776,0.3864,1]},{"frame":25,"values":[-0.3427,-0.9193,0.1937,0,0.9384,-0.3446,0.0248,0,0.044,0.1902,0.9808,0,-0.0139,0.5776,0.3864,1]},{"frame":26,"values":[-0.4579,-0.8676,0.1937,0,0.8864,-0.4623,0.0248,0,0.0681,0.183,0.9808,0,-0.0139,0.5776,0.3864,1]},{"frame":27,"values":[-0.5868,-0.7862,0.1937,0,0.804,-0.5941,0.0248,0,0.0956,0.1703,0.9808,0,-0.0139,0.5776,0.3864,1]},{"frame":28,"values":[-0.7182,-0.6684,0.1937,0,0.6846,-0.7285,0.0248,0,0.1245,0.1504,0.9808,0,-0.0139,0.5776,0.3864,1]},{"frame":29,"values":[-0.8362,-0.513,0.1937,0,0.5269,-0.8496,0.0248,0,0.1518,0.1228,0.9808,0,-0.0139,0.5776,0.3864,1]},{"frame":30,"values":[-0.9248,-0.3275,0.1937,0,0.3383,-0.9407,0.0247,0,0.1741,0.0884,0.9808,0,-0.0139,0.5776,0.3864,1]},{"frame":31,"values":[-0.9727,-0.1277,0.1937,0,0.1349,-0.9905,0.0247,0,0.1887,0.0502,0.9808,0,-0.0139,0.5776,0.3864,1]},{"frame":32,"values":[-0.9787,0.0674,0.1937,0,-0.0638,-0.9977,0.0247,0,0.1949,0.0119,0.9808,0,-0.0139,0.5776,0.3864,1]},{"frame":33,"values":[-0.9509,0.2416,0.1937,0,-0.2414,-0.9701,0.0247,0,0.1939,-0.0232,0.9808,0,-0.0139,0.5776,0.3864,1]},{"frame":34,"values":[-0.9019,0.386,0.1937,0,-0.3888,-0.921,0.0247,0,0.1879,-0.053,0.9808,0,-0.0139,0.5776,0.3864,1]},{"frame":35,"values":[-0.8449,0.4987,0.1937,0,-0.5039,-0.8634,0.0247,0,0.1796,-0.0767,0.9808,0,-0.0139,0.5776,0.3864,1]},{"frame":36,"values":[-0.7897,0.5822,0.1937,0,-0.5893,-0.8075,0.0247,0,0.1708,-0.0946,0.9808,0,-0.0139,0.5776,0.3864,1]},{"frame":37,"values":[-0.7427,0.6409,0.1937,0,-0.6494,-0.76,0.0247,0,0.1631,-0.1074,0.9808,0,-0.0139,0.5776,0.3864,1]},{"frame":38,"values":[-0.7078,0.6793,0.1937,0,-0.6887,-0.7246,0.0247,0,0.1572,-0.1159,0.9808,0,-0.0139,0.5776,0.3864,1]},{"frame":39,"values":[-0.6865,0.7009,0.1937,0,-0.7107,-0.703,0.0247,0,0.1535,-0.1207,0.9808,0,-0.0139,0.5776,0.3864,1]},{"frame":40,"values":[-0.6794,0.7077,0.1937,0,-0.7178,-0.6958,0.0247,0,0.1523,-0.1222,0.9808,0,-0.0139,0.5776,0.3864,1]},{"frame":41,"values":[-0.6865,0.7009,0.1937,0,-0.7107,-0.703,0.0247,0,0.1535,-0.1207,0.9808,0,-0.0139,0.5776,0.3864,1]},{"frame":42,"values":[-0.7078,0.6793,0.1937,0,-0.6887,-0.7246,0.0247,0,0.1572,-0.1159,0.9808,0,-0.0139,0.5776,0.3864,1]},{"frame":43,"values":[-0.7427,0.6409,0.1937,0,-0.6494,-0.76,0.0247,0,0.1631,-0.1074,0.9808,0,-0.0139,0.5776,0.3864,1]},{"frame":44,"values":[-0.7897,0.5822,0.1937,0,-0.5893,-0.8075,0.0247,0,0.1708,-0.0946,0.9808,0,-0.0139,0.5776,0.3864,1]},{"frame":45,"values":[-0.8449,0.4987,0.1937,0,-0.5039,-0.8634,0.0247,0,0.1796,-0.0767,0.9808,0,-0.0139,0.5776,0.3864,1]},{"frame":46,"values":[-0.9019,0.386,0.1937,0,-0.3888,-0.921,0.0247,0,0.1879,-0.053,0.9808,0,-0.0139,0.5776,0.3864,1]},{"frame":47,"values":[-0.9509,0.2416,0.1937,0,-0.2414,-0.9701,0.0247,0,0.1939,-0.0232,0.9808,0,-0.0139,0.5776,0.3864,1]},{"frame":48,"values":[-0.9787,0.0674,0.1937,0,-0.0638,-0.9977,0.0247,0,0.1949,0.0119,0.9808,0,-0.0139,0.5776,0.3864,1]},{"frame":49,"values":[-0.9727,-0.1277,0.1937,0,0.1349,-0.9905,0.0247,0,0.1887,0.0502,0.9808,0,-0.0139,0.5776,0.3864,1]},{"frame":50,"values":[-0.9248,-0.3275,0.1937,0,0.3383,-0.9407,0.0247,0,0.1741,0.0884,0.9808,0,-0.0139,0.5776,0.3864,1]},{"frame":51,"values":[-0.8362,-0.513,0.1937,0,0.5269,-0.8496,0.0248,0,0.1518,0.1228,0.9808,0,-0.0139,0.5776,0.3864,1]},{"frame":52,"values":[-0.7182,-0.6684,0.1937,0,0.6846,-0.7285,0.0248,0,0.1245,0.1504,0.9808,0,-0.0139,0.5776,0.3864,1]},{"frame":53,"values":[-0.5868,-0.7862,0.1937,0,0.804,-0.5941,0.0248,0,0.0956,0.1703,0.9808,0,-0.0139,0.5776,0.3864,1]},{"frame":54,"values":[-0.4579,-0.8676,0.1937,0,0.8864,-0.4623,0.0248,0,0.0681,0.183,0.9808,0,-0.0139,0.5776,0.3864,1]},{"frame":55,"values":[-0.3427,-0.9193,0.1937,0,0.9384,-0.3446,0.0248,0,0.044,0.1902,0.9808,0,-0.0139,0.5776,0.3864,1]},{"frame":56,"values":[-0.2472,-0.9494,0.1937,0,0.9687,-0.2472,0.0248,0,0.0244,0.1937,0.9808,0,-0.0139,0.5776,0.3864,1]},{"frame":57,"values":[-0.1738,-0.9656,0.1937,0,0.9847,-0.1723,0.0248,0,0.0095,0.195,0.9808,0,-0.0139,0.5776,0.3864,1]},{"frame":58,"values":[-0.1225,-0.9734,0.1937,0,0.9925,-0.1199,0.0248,0,-0.0009,0.1953,0.9808,0,-0.0139,0.5776,0.3864,1]},{"frame":59,"values":[-0.0924,-0.9767,0.1937,0,0.9957,-0.0893,0.0248,0,-0.0069,0.1951,0.9808,0,-0.0139,0.5776,0.3864,1]},{"frame":60,"values":[-0.0825,-0.9776,0.1937,0,0.9966,-0.0792,0.0248,0,-0.0089,0.1951,0.9808,0,-0.0139,0.5776,0.3864,1]},{"frame":61,"values":[-0.0897,-0.977,0.1936,0,0.9959,-0.0862,0.0261,0,-0.0088,0.1951,0.9807,0,-0.0139,0.5776,0.3864,1]},{"frame":62,"values":[-0.1103,-0.975,0.1931,0,0.9939,-0.1064,0.0301,0,-0.0088,0.1953,0.9807,0,-0.0139,0.5776,0.3864,1]},{"frame":63,"values":[-0.1433,-0.9708,0.1923,0,0.9896,-0.1388,0.0365,0,-0.0087,0.1955,0.9807,0,-0.0139,0.5776,0.3864,1]},{"frame":64,"values":[-0.1877,-0.9635,0.1908,0,0.9822,-0.1824,0.0451,0,-0.0086,0.1959,0.9806,0,-0.0139,0.5776,0.3864,1]},{"frame":65,"values":[-0.2426,-0.9517,0.1884,0,0.9701,-0.2362,0.0557,0,-0.0085,0.1963,0.9805,0,-0.0139,0.5776,0.3864,1]},{"frame":66,"values":[-0.3067,-0.9337,0.1848,0,0.9518,-0.2992,0.0681,0,-0.0083,0.1968,0.9804,0,-0.0139,0.5776,0.3864,1]},{"frame":67,"values":[-0.3787,-0.9079,0.1796,0,0.9255,-0.3698,0.082,0,-0.008,0.1973,0.9803,0,-0.0139,0.5776,0.3864,1]},{"frame":68,"values":[-0.4566,-0.8728,0.1726,0,0.8896,-0.4463,0.097,0,-0.0076,0.1979,0.9802,0,-0.0139,0.5776,0.3864,1]},{"frame":69,"values":[-0.5381,-0.8269,0.1635,0,0.8428,-0.5262,0.1127,0,-0.0072,0.1985,0.9801,0,-0.0139,0.5776,0.3864,1]},{"frame":70,"values":[-0.6204,-0.7694,0.1521,0,0.7843,-0.607,0.1286,0,-0.0066,0.199,0.98,0,-0.0139,0.5776,0.3864,1]},{"frame":71,"values":[-0.7003,-0.7003,0.1384,0,0.7138,-0.6854,0.144,0,-0.006,0.1996,0.9799,0,-0.0139,0.5776,0.3864,1]},{"frame":72,"values":[-0.7747,-0.6204,0.1225,0,0.6323,-0.7584,0.1583,0,-0.0053,0.2001,0.9798,0,-0.0139,0.5776,0.3864,1]},{"frame":73,"values":[-0.8405,-0.5315,0.1049,0,0.5417,-0.823,0.1709,0,-0.0045,0.2005,0.9797,0,-0.0139,0.5776,0.3864,1]},{"frame":74,"values":[-0.8956,-0.4365,0.0862,0,0.4449,-0.877,0.1815,0,-0.0036,0.2008,0.9796,0,-0.0139,0.5776,0.3864,1]},{"frame":75,"values":[-0.9383,-0.3392,0.0669,0,0.3457,-0.919,0.1896,0,-0.0028,0.2011,0.9796,0,-0.0139,0.5776,0.3864,1]},{"frame":76,"values":[-0.9686,-0.2438,0.0481,0,0.2485,-0.9487,0.1954,0,-0.002,0.2012,0.9795,0,-0.0139,0.5776,0.3864,1]},{"frame":77,"values":[-0.9874,-0.1554,0.0306,0,0.1584,-0.9671,0.1989,0,-0.0013,0.2013,0.9795,0,-0.0139,0.5776,0.3864,1]},{"frame":78,"values":[-0.9967,-0.0794,0.0157,0,0.081,-0.9763,0.2007,0,-0.0006,0.2013,0.9795,0,-0.0139,0.5776,0.3864,1]},{"frame":79,"values":[-0.9997,-0.0235,0.0046,0,0.0239,-0.9793,0.2012,0,-0.0002,0.2012,0.9795,0,-0.0139,0.5776,0.3864,1]},{"frame":80,"values":[-1,0,0,0,0,-0.9795,0.2012,0,0,0.2012,0.9796,0,-0.0139,0.5776,0.3864,1]},{"frame":81,"values":[-0.5529,-0.8332,0,0,0.8162,-0.5416,0.2012,0,-0.1676,0.1113,0.9796,0,-0.0139,0.5776,0.3864,1]},{"frame":82,"values":[0.3885,-0.9214,0,0,0.9026,0.3806,0.2012,0,-0.1854,-0.0782,0.9796,0,-0.0139,0.5776,0.3864,1]},{"frame":111,"values":[0.3885,-0.9214,0,0,0.9026,0.3806,0.2012,0,-0.1854,-0.0782,0.9796,0,-0.0139,0.5776,0.3864,1]},{"frame":112,"values":[0.3885,-0.9214,0,0,0.9026,0.3806,0.2012,0,-0.1854,-0.0782,0.9796,0,-0.0139,0.5776,0.3864,1]},{"frame":113,"values":[0.3885,-0.9214,0,0,0.9026,0.3806,0.2012,0,-0.1854,-0.0782,0.9796,0,-0.0139,0.5776,0.3864,1]},{"frame":114,"values":[0.3885,-0.9214,0,0,0.9026,0.3806,0.2012,0,-0.1854,-0.0782,0.9796,0,-0.0139,0.5776,0.3864,1]},{"frame":115,"values":[0.36,-0.9329,0,0,0.9139,0.3526,0.2012,0,-0.1877,-0.0724,0.9796,0,-0.0139,0.5776,0.3864,1]},{"frame":116,"values":[0.2692,-0.9631,0,0,0.9434,0.2637,0.2012,0,-0.1938,-0.0542,0.9796,0,-0.0139,0.5776,0.3864,1]},{"frame":117,"values":[0.106,-0.9944,0,0,0.974,0.1038,0.2012,0,-0.2001,-0.0213,0.9796,0,-0.0139,0.5776,0.3864,1]},{"frame":118,"values":[-0.1312,-0.9914,0,0,0.9711,-0.1285,0.2012,0,-0.1995,0.0264,0.9796,0,-0.0139,0.5776,0.3864,1]},{"frame":119,"values":[-0.414,-0.9103,0,0,0.8917,-0.4055,0.2012,0,-0.1832,0.0833,0.9796,0,-0.0139,0.5776,0.3864,1]},{"frame":120,"values":[-0.6779,-0.7352,0,0,0.7201,-0.664,0.2012,0,-0.1479,0.1364,0.9796,0,-0.0139,0.5776,0.3864,1]},{"frame":121,"values":[-0.8625,-0.506,0,0,0.4957,-0.8449,0.2012,0,-0.1018,0.1735,0.9796,0,-0.0139,0.5776,0.3864,1]},{"frame":122,"values":[-0.9574,-0.2887,0,0,0.2828,-0.9379,0.2012,0,-0.0581,0.1926,0.9796,0,-0.0139,0.5776,0.3864,1]},{"frame":123,"values":[-0.992,-0.1261,0,0,0.1236,-0.9717,0.2012,0,-0.0254,0.1996,0.9796,0,-0.0139,0.5776,0.3864,1]},{"frame":124,"values":[-0.9995,-0.0308,0,0,0.0301,-0.9791,0.2012,0,-0.0062,0.2011,0.9796,0,-0.0139,0.5776,0.3864,1]},{"frame":125,"values":[-1,0,0,0,0,-0.9795,0.2012,0,0,0.2012,0.9796,0,-0.0139,0.5776,0.3864,1]}],"loopBehavior":1,"name":"anim","property":"_matrix"}},
{"name":"Bone.003","index":2,"matrix":[-1,0,0,0,0,-0.9795,-0.2012,0,0,-0.2012,0.9796,0,-0.0139,0.5693,-0.378,1],"parentBoneIndex":0,"animation":{"dataType":3,"framePerSecond":24,"keys":[{"frame":0,"values":[-1,0,0,0,0,-0.9795,-0.2012,0,0,-0.2012,0.9796,0,-0.0139,0.5693,-0.378,1]},{"frame":2,"values":[-1,0.005,0,0,-0.0049,-0.9795,-0.2012,0,-0.001,-0.2012,0.9796,0,-0.0139,0.5693,-0.378,1]},{"frame":3,"values":[-0.9998,0.0202,0,0,-0.0198,-0.9793,-0.2012,0,-0.0041,-0.2012,0.9796,0,-0.0139,0.5693,-0.378,1]},{"frame":4,"values":[-0.999,0.0457,0,0,-0.0448,-0.9785,-0.2012,0,-0.0092,-0.201,0.9796,0,-0.0139,0.5693,-0.378,1]},{"frame":5,"values":[-0.9967,0.0813,0,0,-0.0796,-0.9763,-0.2012,0,-0.0164,-0.2005,0.9796,0,-0.0139,0.5693,-0.378,1]},{"frame":6,"values":[-0.992,0.1265,0,0,-0.1239,-0.9717,-0.2012,0,-0.0254,-0.1996,0.9796,0,-0.0139,0.5693,-0.378,1]},{"frame":7,"values":[-0.9836,0.1802,0,0,-0.1765,-0.9635,-0.2012,0,-0.0363,-0.1979,0.9796,0,-0.0139,0.5693,-0.378,1]},{"frame":8,"values":[-0.9706,0.2409,0,0,-0.2359,-0.9507,-0.2012,0,-0.0485,-0.1953,0.9796,0,-0.0139,0.5693,-0.378,1]},{"frame":9,"values":[-0.9519,0.3063,0,0,-0.3,-0.9325,-0.2012,0,-0.0616,-0.1915,0.9796,0,-0.0139,0.5693,-0.378,1]},{"frame":10,"values":[-0.9275,0.3737,0,0,-0.3661,-0.9086,-0.2012,0,-0.0752,-0.1866,0.9796,0,-0.0139,0.5693,-0.378,1]},{"frame":11,"values":[-0.8978,0.4404,0,0,-0.4314,-0.8795,-0.2012,0,-0.0886,-0.1806,0.9796,0,-0.0139,0.5693,-0.378,1]},{"frame":12,"values":[-0.864,0.5035,0,0,-0.4932,-0.8463,-0.2012,0,-0.1013,-0.1738,0.9796,0,-0.0139,0.5693,-0.378,1]},{"frame":13,"values":[-0.8278,0.561,0,0,-0.5496,-0.8109,-0.2012,0,-0.1129,-0.1666,0.9796,0,-0.0139,0.5693,-0.378,1]},{"frame":14,"values":[-0.7914,0.6113,0,0,-0.5988,-0.7752,-0.2012,0,-0.123,-0.1592,0.9796,0,-0.0139,0.5693,-0.378,1]},{"frame":15,"values":[-0.7568,0.6536,0,0,-0.6403,-0.7413,-0.2012,0,-0.1315,-0.1523,0.9796,0,-0.0139,0.5693,-0.378,1]},{"frame":16,"values":[-0.7259,0.6878,0,0,-0.6737,-0.7111,-0.2012,0,-0.1384,-0.1461,0.9796,0,-0.0139,0.5693,-0.378,1]},{"frame":17,"values":[-0.7002,0.7139,0,0,-0.6993,-0.6859,-0.2012,0,-0.1436,-0.1409,0.9796,0,-0.0139,0.5693,-0.378,1]},{"frame":18,"values":[-0.6807,0.7326,0,0,-0.7176,-0.6667,-0.2012,0,-0.1474,-0.137,0.9796,0,-0.0139,0.5693,-0.378,1]},{"frame":19,"values":[-0.6679,0.7442,0,0,-0.729,-0.6543,-0.2012,0,-0.1497,-0.1344,0.9796,0,-0.0139,0.5693,-0.378,1]},{"frame":20,"values":[-0.6623,0.7493,0,0,-0.7339,-0.6487,-0.2012,0,-0.1508,-0.1333,0.9796,0,-0.0139,0.5693,-0.378,1]},{"frame":21,"values":[-0.667,0.745,0,0,-0.7298,-0.6534,-0.2012,0,-0.1499,-0.1342,0.9796,0,-0.0139,0.5693,-0.378,1]},{"frame":22,"values":[-0.6855,0.7281,0,0,-0.7132,-0.6715,-0.2012,0,-0.1465,-0.1379,0.9796,0,-0.0139,0.5693,-0.378,1]},{"frame":23,"values":[-0.7174,0.6967,0,0,-0.6825,-0.7027,-0.2012,0,-0.1402,-0.1443,0.9796,0,-0.0139,0.5693,-0.378,1]},{"frame":24,"values":[-0.7613,0.6484,0,0,-0.6352,-0.7457,-0.2012,0,-0.1305,-0.1532,0.9796,0,-0.0139,0.5693,-0.378,1]},{"frame":25,"values":[-0.8145,0.5801,0,0,-0.5683,-0.7979,-0.2012,0,-0.1167,-0.1639,0.9796,0,-0.0139,0.5693,-0.378,1]},{"frame":26,"values":[-0.8723,0.4889,0,0,-0.4789,-0.8545,-0.2012,0,-0.0984,-0.1755,0.9796,0,-0.0139,0.5693,-0.378,1]},{"frame":27,"values":[-0.9278,0.3731,0,0,-0.3654,-0.9088,-0.2012,0,-0.0751,-0.1867,0.9796,0,-0.0139,0.5693,-0.378,1]},{"frame":28,"values":[-0.9723,0.2338,0,0,-0.229,-0.9524,-0.2012,0,-0.047,-0.1956,0.9796,0,-0.0139,0.5693,-0.378,1]},{"frame":29,"values":[-0.9971,0.0763,0,0,-0.0747,-0.9767,-0.2012,0,-0.0154,-0.2006,0.9796,0,-0.0139,0.5693,-0.378,1]},{"frame":30,"values":[-0.9959,-0.09,0,0,0.0882,-0.9756,-0.2012,0,0.0181,-0.2004,0.9796,0,-0.0139,0.5693,-0.378,1]},{"frame":31,"values":[-0.9673,-0.2535,0,0,0.2483,-0.9476,-0.2012,0,0.051,-0.1946,0.9796,0,-0.0139,0.5693,-0.378,1]},{"frame":32,"values":[-0.9152,-0.4029,0,0,0.3947,-0.8965,-0.2012,0,0.0811,-0.1842,0.9796,0,-0.0139,0.5693,-0.378,1]},{"frame":33,"values":[-0.8476,-0.5307,0,0,0.5198,-0.8302,-0.2012,0,0.1068,-0.1705,0.9796,0,-0.0139,0.5693,-0.378,1]},{"frame":34,"values":[-0.7736,-0.6337,0,0,0.6207,-0.7578,-0.2012,0,0.1275,-0.1557,0.9796,0,-0.0139,0.5693,-0.378,1]},{"frame":35,"values":[-0.7017,-0.7125,0,0,0.6979,-0.6874,-0.2012,0,0.1434,-0.1412,0.9796,0,-0.0139,0.5693,-0.378,1]},{"frame":36,"values":[-0.638,-0.77,0,0,0.7543,-0.625,-0.2012,0,0.1549,-0.1284,0.9796,0,-0.0139,0.5693,-0.378,1]},{"frame":37,"values":[-0.5864,-0.81,0,0,0.7935,-0.5744,-0.2012,0,0.163,-0.118,0.9796,0,-0.0139,0.5693,-0.378,1]},{"frame":38,"values":[-0.5489,-0.8359,0,0,0.8188,-0.5377,-0.2012,0,0.1682,-0.1104,0.9796,0,-0.0139,0.5693,-0.378,1]},{"frame":39,"values":[-0.5263,-0.8503,0,0,0.8329,-0.5156,-0.2012,0,0.1711,-0.1059,0.9796,0,-0.0139,0.5693,-0.378,1]},{"frame":40,"values":[-0.5189,-0.8549,0,0,0.8374,-0.5083,-0.2012,0,0.172,-0.1044,0.9796,0,-0.0139,0.5693,-0.378,1]},{"frame":41,"values":[-0.5263,-0.8503,0,0,0.8329,-0.5156,-0.2012,0,0.1711,-0.1059,0.9796,0,-0.0139,0.5693,-0.378,1]},{"frame":42,"values":[-0.5489,-0.8359,0,0,0.8188,-0.5377,-0.2012,0,0.1682,-0.1104,0.9796,0,-0.0139,0.5693,-0.378,1]},{"frame":43,"values":[-0.5864,-0.81,0,0,0.7935,-0.5744,-0.2012,0,0.163,-0.118,0.9796,0,-0.0139,0.5693,-0.378,1]},{"frame":44,"values":[-0.638,-0.77,0,0,0.7542,-0.625,-0.2012,0,0.1549,-0.1284,0.9796,0,-0.0139,0.5693,-0.378,1]},{"frame":45,"values":[-0.7018,-0.7124,0,0,0.6978,-0.6874,-0.2012,0,0.1433,-0.1412,0.9796,0,-0.0139,0.5693,-0.378,1]},{"frame":46,"values":[-0.7737,-0.6336,0,0,0.6206,-0.7579,-0.2012,0,0.1275,-0.1557,0.9796,0,-0.0139,0.5693,-0.378,1]},{"frame":47,"values":[-0.8476,-0.5306,0,0,0.5197,-0.8303,-0.2012,0,0.1068,-0.1705,0.9796,0,-0.0139,0.5693,-0.378,1]},{"frame":48,"values":[-0.9153,-0.4028,0,0,0.3946,-0.8966,-0.2012,0,0.081,-0.1842,0.9796,0,-0.0139,0.5693,-0.378,1]},{"frame":49,"values":[-0.9674,-0.2534,0,0,0.2482,-0.9476,-0.2012,0,0.051,-0.1946,0.9796,0,-0.0139,0.5693,-0.378,1]},{"frame":50,"values":[-0.9959,-0.09,0,0,0.0882,-0.9756,-0.2012,0,0.0181,-0.2004,0.9796,0,-0.0139,0.5693,-0.378,1]},{"frame":51,"values":[-0.9971,0.0763,0,0,-0.0747,-0.9767,-0.2012,0,-0.0153,-0.2006,0.9796,0,-0.0139,0.5693,-0.378,1]},{"frame":52,"values":[-0.9723,0.2337,0,0,-0.2289,-0.9524,-0.2012,0,-0.047,-0.1956,0.9796,0,-0.0139,0.5693,-0.378,1]},{"frame":53,"values":[-0.9279,0.3729,0,0,-0.3653,-0.9089,-0.2012,0,-0.075,-0.1867,0.9796,0,-0.0139,0.5693,-0.378,1]},{"frame":54,"values":[-0.8724,0.4887,0,0,-0.4787,-0.8546,-0.2012,0,-0.0983,-0.1755,0.9796,0,-0.0139,0.5693,-0.378,1]},{"frame":55,"values":[-0.8147,0.5799,0,0,-0.5681,-0.798,-0.2012,0,-0.1167,-0.1639,0.9796,0,-0.0139,0.5693,-0.378,1]},{"frame":56,"values":[-0.7614,0.6482,0,0,-0.635,-0.7459,-0.2012,0,-0.1304,-0.1532,0.9796,0,-0.0139,0.5693,-0.378,1]},{"frame":57,"values":[-0.7175,0.6966,0,0,-0.6823,-0.7028,-0.2012,0,-0.1402,-0.1444,0.9796,0,-0.0139,0.5693,-0.378,1]},{"frame":58,"values":[-0.6856,0.728,0,0,-0.7131,-0.6716,-0.2012,0,-0.1465,-0.138,0.9796,0,-0.0139,0.5693,-0.378,1]},{"frame":59,"values":[-0.6671,0.745,0,0,-0.7297,-0.6535,-0.2012,0,-0.1499,-0.1342,0.9796,0,-0.0139,0.5693,-0.378,1]},{"frame":60,"values":[-0.6623,0.7493,0,0,-0.7339,-0.6487,-0.2012,0,-0.1508,-0.1333,0.9796,0,-0.0139,0.5693,-0.378,1]},{"frame":61,"values":[-0.6644,0.7474,0,0,-0.7321,-0.6508,-0.2012,0,-0.1504,-0.1337,0.9796,0,-0.0139,0.5693,-0.378,1]},{"frame":62,"values":[-0.667,0.7451,0,0,-0.7298,-0.6534,-0.2012,0,-0.1499,-0.1342,0.9796,0,-0.0139,0.5693,-0.378,1]},{"frame":63,"values":[-0.6703,0.7421,0,0,-0.7269,-0.6566,-0.2012,0,-0.1493,-0.1349,0.9796,0,-0.0139,0.5693,-0.378,1]},{"frame":64,"values":[-0.6744,0.7384,0,0,-0.7233,-0.6606,-0.2012,0,-0.1486,-0.1357,0.9796,0,-0.0139,0.5693,-0.378,1]},{"frame":65,"values":[-0.6797,0.7335,0,0,-0.7185,-0.6658,-0.2012,0,-0.1476,-0.1367,0.9796,0,-0.0139,0.5693,-0.378,1]},{"frame":66,"values":[-0.6862,0.7274,0,0,-0.7125,-0.6722,-0.2012,0,-0.1464,-0.1381,0.9796,0,-0.0139,0.5693,-0.378,1]},{"frame":67,"values":[-0.6944,0.7196,0,0,-0.7049,-0.6802,-0.2012,0,-0.1448,-0.1397,0.9796,0,-0.0139,0.5693,-0.378,1]},{"frame":68,"values":[-0.7043,0.7099,0,0,-0.6954,-0.6899,-0.2012,0,-0.1428,-0.1417,0.9796,0,-0.0139,0.5693,-0.378,1]},{"frame":69,"values":[-0.7163,0.6978,0,0,-0.6835,-0.7016,-0.2012,0,-0.1404,-0.1441,0.9796,0,-0.0139,0.5693,-0.378,1]},{"frame":70,"values":[-0.7306,0.6828,0,0,-0.6689,-0.7156,-0.2012,0,-0.1374,-0.147,0.9796,0,-0.0139,0.5693,-0.378,1]},{"frame":71,"values":[-0.7475,0.6643,0,0,-0.6507,-0.7322,-0.2012,0,-0.1337,-0.1504,0.9796,0,-0.0139,0.5693,-0.378,1]},{"frame":72,"values":[-0.7673,0.6413,0,0,-0.6282,-0.7516,-0.2012,0,-0.129,-0.1544,0.9796,0,-0.0139,0.5693,-0.378,1]},{"frame":73,"values":[-0.7902,0.6128,0,0,-0.6003,-0.7741,-0.2012,0,-0.1233,-0.159,0.9796,0,-0.0139,0.5693,-0.378,1]},{"frame":74,"values":[-0.8166,0.5773,0,0,-0.5654,-0.7999,-0.2012,0,-0.1161,-0.1643,0.9796,0,-0.0139,0.5693,-0.378,1]},{"frame":75,"values":[-0.8464,0.5325,0,0,-0.5216,-0.8291,-0.2012,0,-0.1071,-0.1703,0.9796,0,-0.0139,0.5693,-0.378,1]},{"frame":76,"values":[-0.8796,0.4757,0,0,-0.466,-0.8616,-0.2012,0,-0.0957,-0.177,0.9796,0,-0.0139,0.5693,-0.378,1]},{"frame":77,"values":[-0.9154,0.4025,0,0,-0.3943,-0.8967,-0.2012,0,-0.081,-0.1842,0.9796,0,-0.0139,0.5693,-0.378,1]},{"frame":78,"values":[-0.9519,0.3065,0,0,-0.3003,-0.9324,-0.2012,0,-0.0617,-0.1915,0.9796,0,-0.0139,0.5693,-0.378,1]},{"frame":79,"values":[-0.9841,0.1778,0,0,-0.1742,-0.9639,-0.2012,0,-0.0358,-0.198,0.9796,0,-0.0139,0.5693,-0.378,1]},{"frame":80,"values":[-1,0,0,0,0,-0.9795,-0.2012,0,0,-0.2012,0.9796,0,-0.0139,0.5693,-0.378,1]},{"frame":81,"values":[-0.408,-0.913,0,0,0.8943,-0.3997,-0.2012,0,0.1837,-0.0821,0.9796,0,-0.0139,0.5693,-0.378,1]},{"frame":82,"values":[0.5723,-0.82,0,0,0.8033,0.5606,-0.2012,0,0.165,0.1151,0.9796,0,-0.0139,0.5693,-0.378,1]},{"frame":111,"values":[0.5723,-0.82,0,0,0.8033,0.5606,-0.2012,0,0.165,0.1151,0.9796,0,-0.0139,0.5693,-0.378,1]},{"frame":112,"values":[0.5723,-0.82,0,0,0.8033,0.5606,-0.2012,0,0.165,0.1151,0.9796,0,-0.0139,0.5693,-0.378,1]},{"frame":113,"values":[0.5723,-0.82,0,0,0.8033,0.5606,-0.2012,0,0.165,0.1151,0.9796,0,-0.0139,0.5693,-0.378,1]},{"frame":114,"values":[0.5723,-0.82,0,0,0.8033,0.5606,-0.2012,0,0.165,0.1151,0.9796,0,-0.0139,0.5693,-0.378,1]},{"frame":115,"values":[0.5451,-0.8384,0,0,0.8212,0.534,-0.2012,0,0.1687,0.1097,0.9796,0,-0.0139,0.5693,-0.378,1]},{"frame":116,"values":[0.4563,-0.8898,0,0,0.8716,0.4469,-0.2012,0,0.179,0.0918,0.9796,0,-0.0139,0.5693,-0.378,1]},{"frame":117,"values":[0.2888,-0.9574,0,0,0.9378,0.2829,-0.2012,0,0.1926,0.0581,0.9796,0,-0.0139,0.5693,-0.378,1]},{"frame":118,"values":[0.0302,-0.9995,0,0,0.9791,0.0296,-0.2012,0,0.2011,0.0061,0.9796,0,-0.0139,0.5693,-0.378,1]},{"frame":119,"values":[-0.2966,-0.955,0,0,0.9355,-0.2906,-0.2012,0,0.1921,-0.0597,0.9796,0,-0.0139,0.5693,-0.378,1]},{"frame":120,"values":[-0.6134,-0.7898,0,0,0.7736,-0.6008,-0.2012,0,0.1589,-0.1234,0.9796,0,-0.0139,0.5693,-0.378,1]},{"frame":121,"values":[-0.837,-0.5473,0,0,0.5361,-0.8199,-0.2012,0,0.1101,-0.1684,0.9796,0,-0.0139,0.5693,-0.378,1]},{"frame":122,"values":[-0.9504,-0.311,0,0,0.3047,-0.931,-0.2012,0,0.0626,-0.1912,0.9796,0,-0.0139,0.5693,-0.378,1]},{"frame":123,"values":[-0.9908,-0.1351,0,0,0.1323,-0.9706,-0.2012,0,0.0272,-0.1994,0.9796,0,-0.0139,0.5693,-0.378,1]},{"frame":124,"values":[-0.9995,-0.0328,0,0,0.0321,-0.979,-0.2012,0,0.0066,-0.2011,0.9796,0,-0.0139,0.5693,-0.378,1]},{"frame":125,"values":[-1,0,0,0,0,-0.9795,-0.2012,0,0,-0.2012,0.9796,0,-0.0139,0.5693,-0.378,1]}],"loopBehavior":1,"name":"anim","property":"_matrix"}},
{"name":"Bone.002","index":3,"matrix":[-1,0,0,0,0,-0.9999,-0.0139,0,0,-0.0139,1,0,0,-0.1111,0.2232,1],"parentBoneIndex":0,"animation":{"dataType":3,"framePerSecond":24,"keys":[{"frame":0,"values":[-1,0,0,0,0,-0.9999,-0.0139,0,0,-0.0139,1,0,0,-0.1111,0.2232,1]},{"frame":2,"values":[-1,0.0056,0,0,-0.0056,-0.9999,-0.0139,0,-0.0001,-0.0139,1,0,0,-0.1111,0.2232,1]},{"frame":3,"values":[-0.9997,0.0226,0,0,-0.0226,-0.9996,-0.0139,0,-0.0003,-0.0139,1,0,0,-0.1111,0.2232,1]},{"frame":4,"values":[-0.9987,0.0511,0,0,-0.0511,-0.9986,-0.0139,0,-0.0007,-0.0139,1,0,0,-0.1111,0.2232,1]},{"frame":5,"values":[-0.9958,0.0911,0,0,-0.0911,-0.9957,-0.0139,0,-0.0013,-0.0138,1,0,0,-0.1111,0.2232,1]},{"frame":6,"values":[-0.9899,0.142,0,0,-0.142,-0.9898,-0.0139,0,-0.002,-0.0137,1,0,0,-0.1111,0.2232,1]},{"frame":7,"values":[-0.9792,0.2027,0,0,-0.2027,-0.9792,-0.0139,0,-0.0028,-0.0136,1,0,0,-0.1111,0.2232,1]},{"frame":8,"values":[-0.9625,0.2713,0,0,-0.2713,-0.9624,-0.0139,0,-0.0038,-0.0134,1,0,0,-0.1111,0.2232,1]},{"frame":9,"values":[-0.9385,0.3452,0,0,-0.3451,-0.9385,-0.0139,0,-0.0048,-0.013,1,0,0,-0.1111,0.2232,1]},{"frame":10,"values":[-0.907,0.421,0,0,-0.421,-0.907,-0.0139,0,-0.0058,-0.0126,1,0,0,-0.1111,0.2232,1]},{"frame":11,"values":[-0.8687,0.4954,0,0,-0.4954,-0.8686,-0.0139,0,-0.0069,-0.0121,1,0,0,-0.1111,0.2232,1]},{"frame":12,"values":[-0.825,0.5651,0,0,-0.565,-0.825,-0.0139,0,-0.0078,-0.0115,1,0,0,-0.1111,0.2232,1]},{"frame":13,"values":[-0.7787,0.6274,0,0,-0.6273,-0.7786,-0.0139,0,-0.0087,-0.0108,1,0,0,-0.1111,0.2232,1]},{"frame":14,"values":[-0.7325,0.6808,0,0,-0.6807,-0.7324,-0.0139,0,-0.0095,-0.0102,1,0,0,-0.1111,0.2232,1]},{"frame":15,"values":[-0.6892,0.7246,0,0,-0.7245,-0.6891,-0.0139,0,-0.0101,-0.0096,1,0,0,-0.1111,0.2232,1]},{"frame":16,"values":[-0.6512,0.7589,0,0,-0.7589,-0.6511,-0.0139,0,-0.0105,-0.009,1,0,0,-0.1111,0.2232,1]},{"frame":17,"values":[-0.6202,0.7844,0,0,-0.7843,-0.6202,-0.0139,0,-0.0109,-0.0086,1,0,0,-0.1111,0.2232,1]},{"frame":18,"values":[-0.5976,0.8018,0,0,-0.8017,-0.5975,-0.0139,0,-0.0111,-0.0083,1,0,0,-0.1111,0.2232,1]},{"frame":19,"values":[-0.5839,0.8118,0,0,-0.8118,-0.5838,-0.0139,0,-0.0113,-0.0081,1,0,0,-0.1111,0.2232,1]},{"frame":20,"values":[-0.5793,0.8151,0,0,-0.815,-0.5793,-0.0139,0,-0.0113,-0.008,1,0,0,-0.1111,0.2232,1]},{"frame":21,"values":[-0.5866,0.8099,0,0,-0.8098,-0.5866,-0.0139,0,-0.0112,-0.0081,1,0,0,-0.1111,0.2232,1]},{"frame":22,"values":[-0.6086,0.7935,0,0,-0.7934,-0.6086,-0.0139,0,-0.011,-0.0084,1,0,0,-0.1111,0.2232,1]},{"frame":23,"values":[-0.645,0.7642,0,0,-0.7641,-0.645,-0.0139,0,-0.0106,-0.009,1,0,0,-0.1111,0.2232,1]},{"frame":24,"values":[-0.6947,0.7193,0,0,-0.7192,-0.6946,-0.0139,0,-0.01,-0.0096,1,0,0,-0.1111,0.2232,1]},{"frame":25,"values":[-0.7551,0.6556,0,0,-0.6555,-0.7551,-0.0139,0,-0.0091,-0.0105,1,0,0,-0.1111,0.2232,1]},{"frame":26,"values":[-0.822,0.5695,0,0,-0.5695,-0.8219,-0.0139,0,-0.0079,-0.0114,1,0,0,-0.1111,0.2232,1]},{"frame":27,"values":[-0.8885,0.4588,0,0,-0.4588,-0.8884,-0.0139,0,-0.0064,-0.0123,1,0,0,-0.1111,0.2232,1]},{"frame":28,"values":[-0.9462,0.3237,0,0,-0.3236,-0.9461,-0.0139,0,-0.0045,-0.0131,1,0,0,-0.1111,0.2232,1]},{"frame":29,"values":[-0.9857,0.1683,0,0,-0.1682,-0.9856,-0.0139,0,-0.0023,-0.0137,1,0,0,-0.1111,0.2232,1]},{"frame":30,"values":[-1,0.0012,0,0,-0.0012,-0.9999,-0.0139,0,0,-0.0139,1,0,0,-0.1111,0.2232,1]},{"frame":31,"values":[-0.9862,-0.1658,0,0,0.1658,-0.9861,-0.0139,0,0.0023,-0.0137,1,0,0,-0.1111,0.2232,1]},{"frame":32,"values":[-0.947,-0.3213,0,0,0.3213,-0.9469,-0.0139,0,0.0045,-0.0131,1,0,0,-0.1111,0.2232,1]},{"frame":33,"values":[-0.8897,-0.4566,0,0,0.4566,-0.8896,-0.0139,0,0.0063,-0.0124,1,0,0,-0.1111,0.2232,1]},{"frame":34,"values":[-0.8234,-0.5675,0,0,0.5674,-0.8233,-0.0139,0,0.0079,-0.0114,1,0,0,-0.1111,0.2232,1]},{"frame":35,"values":[-0.7568,-0.6537,0,0,0.6536,-0.7567,-0.0139,0,0.0091,-0.0105,1,0,0,-0.1111,0.2232,1]},{"frame":36,"values":[-0.6965,-0.7176,0,0,0.7175,-0.6964,-0.0139,0,0.01,-0.0097,1,0,0,-0.1111,0.2232,1]},{"frame":37,"values":[-0.6469,-0.7626,0,0,0.7625,-0.6469,-0.0139,0,0.0106,-0.009,1,0,0,-0.1111,0.2232,1]},{"frame":38,"values":[-0.6106,-0.7919,0,0,0.7919,-0.6105,-0.0139,0,0.011,-0.0085,1,0,0,-0.1111,0.2232,1]},{"frame":39,"values":[-0.5886,-0.8084,0,0,0.8083,-0.5886,-0.0139,0,0.0112,-0.0082,1,0,0,-0.1111,0.2232,1]},{"frame":40,"values":[-0.5813,-0.8137,0,0,0.8136,-0.5813,-0.0139,0,0.0113,-0.0081,1,0,0,-0.1111,0.2232,1]},{"frame":41,"values":[-0.5886,-0.8084,0,0,0.8083,-0.5886,-0.0139,0,0.0112,-0.0082,1,0,0,-0.1111,0.2232,1]},{"frame":42,"values":[-0.6106,-0.7919,0,0,0.7919,-0.6105,-0.0139,0,0.011,-0.0085,1,0,0,-0.1111,0.2232,1]},{"frame":43,"values":[-0.6469,-0.7626,0,0,0.7625,-0.6469,-0.0139,0,0.0106,-0.009,1,0,0,-0.1111,0.2232,1]},{"frame":44,"values":[-0.6965,-0.7176,0,0,0.7175,-0.6964,-0.0139,0,0.01,-0.0097,1,0,0,-0.1111,0.2232,1]},{"frame":45,"values":[-0.7568,-0.6537,0,0,0.6536,-0.7567,-0.0139,0,0.0091,-0.0105,1,0,0,-0.1111,0.2232,1]},{"frame":46,"values":[-0.8234,-0.5675,0,0,0.5674,-0.8233,-0.0139,0,0.0079,-0.0114,1,0,0,-0.1111,0.2232,1]},{"frame":47,"values":[-0.8897,-0.4566,0,0,0.4566,-0.8896,-0.0139,0,0.0063,-0.0124,1,0,0,-0.1111,0.2232,1]},{"frame":48,"values":[-0.947,-0.3213,0,0,0.3213,-0.9469,-0.0139,0,0.0045,-0.0131,1,0,0,-0.1111,0.2232,1]},{"frame":49,"values":[-0.9862,-0.1658,0,0,0.1658,-0.9861,-0.0139,0,0.0023,-0.0137,1,0,0,-0.1111,0.2232,1]},{"frame":50,"values":[-1,0.0012,0,0,-0.0012,-0.9999,-0.0139,0,0,-0.0139,1,0,0,-0.1111,0.2232,1]},{"frame":51,"values":[-0.9857,0.1683,0,0,-0.1682,-0.9856,-0.0139,0,-0.0023,-0.0137,1,0,0,-0.1111,0.2232,1]},{"frame":52,"values":[-0.9462,0.3237,0,0,-0.3236,-0.9461,-0.0139,0,-0.0045,-0.0131,1,0,0,-0.1111,0.2232,1]},{"frame":53,"values":[-0.8885,0.4588,0,0,-0.4588,-0.8884,-0.0139,0,-0.0064,-0.0123,1,0,0,-0.1111,0.2232,1]},{"frame":54,"values":[-0.822,0.5695,0,0,-0.5695,-0.8219,-0.0139,0,-0.0079,-0.0114,1,0,0,-0.1111,0.2232,1]},{"frame":55,"values":[-0.7551,0.6556,0,0,-0.6555,-0.7551,-0.0139,0,-0.0091,-0.0105,1,0,0,-0.1111,0.2232,1]},{"frame":56,"values":[-0.6947,0.7193,0,0,-0.7192,-0.6946,-0.0139,0,-0.01,-0.0096,1,0,0,-0.1111,0.2232,1]},{"frame":57,"values":[-0.645,0.7642,0,0,-0.7641,-0.645,-0.0139,0,-0.0106,-0.009,1,0,0,-0.1111,0.2232,1]},{"frame":58,"values":[-0.6086,0.7935,0,0,-0.7934,-0.6086,-0.0139,0,-0.011,-0.0084,1,0,0,-0.1111,0.2232,1]},{"frame":59,"values":[-0.5866,0.8099,0,0,-0.8098,-0.5866,-0.0139,0,-0.0112,-0.0081,1,0,0,-0.1111,0.2232,1]},{"frame":60,"values":[-0.5793,0.8151,0,0,-0.815,-0.5793,-0.0139,0,-0.0113,-0.008,1,0,0,-0.1111,0.2232,1]},{"frame":61,"values":[-0.5833,0.8123,0,0,-0.8122,-0.5832,-0.0139,0,-0.0113,-0.0081,1,0,0,-0.1111,0.2232,1]},{"frame":62,"values":[-0.5946,0.8041,0,0,-0.804,-0.5945,-0.0139,0,-0.0112,-0.0083,1,0,0,-0.1111,0.2232,1]},{"frame":63,"values":[-0.6123,0.7906,0,0,-0.7905,-0.6123,-0.0139,0,-0.011,-0.0085,1,0,0,-0.1111,0.2232,1]},{"frame":64,"values":[-0.6358,0.7719,0,0,-0.7718,-0.6357,-0.0139,0,-0.0107,-0.0088,1,0,0,-0.1111,0.2232,1]},{"frame":65,"values":[-0.6639,0.7478,0,0,-0.7478,-0.6638,-0.0139,0,-0.0104,-0.0092,1,0,0,-0.1111,0.2232,1]},{"frame":66,"values":[-0.6958,0.7183,0,0,-0.7182,-0.6957,-0.0139,0,-0.01,-0.0097,1,0,0,-0.1111,0.2232,1]},{"frame":67,"values":[-0.7304,0.683,0,0,-0.683,-0.7303,-0.0139,0,-0.0095,-0.0101,1,0,0,-0.1111,0.2232,1]},{"frame":68,"values":[-0.7666,0.6421,0,0,-0.642,-0.7665,-0.0139,0,-0.0089,-0.0106,1,0,0,-0.1111,0.2232,1]},{"frame":69,"values":[-0.8034,0.5955,0,0,-0.5954,-0.8033,-0.0139,0,-0.0083,-0.0112,1,0,0,-0.1111,0.2232,1]},{"frame":70,"values":[-0.8394,0.5435,0,0,-0.5434,-0.8393,-0.0139,0,-0.0075,-0.0117,1,0,0,-0.1111,0.2232,1]},{"frame":71,"values":[-0.8737,0.4865,0,0,-0.4865,-0.8736,-0.0139,0,-0.0068,-0.0121,1,0,0,-0.1111,0.2232,1]},{"frame":72,"values":[-0.905,0.4254,0,0,-0.4254,-0.9049,-0.0139,0,-0.0059,-0.0126,1,0,0,-0.1111,0.2232,1]},{"frame":73,"values":[-0.9325,0.3612,0,0,-0.3611,-0.9324,-0.0139,0,-0.005,-0.0129,1,0,0,-0.1111,0.2232,1]},{"frame":74,"values":[-0.9554,0.2952,0,0,-0.2951,-0.9554,-0.0139,0,-0.0041,-0.0133,1,0,0,-0.1111,0.2232,1]},{"frame":75,"values":[-0.9734,0.2291,0,0,-0.2291,-0.9733,-0.0139,0,-0.0032,-0.0135,1,0,0,-0.1111,0.2232,1]},{"frame":76,"values":[-0.9863,0.1651,0,0,-0.1651,-0.9862,-0.0139,0,-0.0023,-0.0137,1,0,0,-0.1111,0.2232,1]},{"frame":77,"values":[-0.9944,0.1057,0,0,-0.1057,-0.9943,-0.0139,0,-0.0015,-0.0138,1,0,0,-0.1111,0.2232,1]},{"frame":78,"values":[-0.9985,0.0544,0,0,-0.0544,-0.9984,-0.0139,0,-0.0008,-0.0139,1,0,0,-0.1111,0.2232,1]},{"frame":79,"values":[-0.9999,0.0162,0,0,-0.0162,-0.9998,-0.0139,0,-0.0002,-0.0139,1,0,0,-0.1111,0.2232,1]},{"frame":80,"values":[-1,0,0,0,0,-0.9999,-0.0139,0,0,-0.0139,1,0,0,-0.1111,0.2232,1]},{"frame":81,"values":[-1,0,0,0,0,-0.9999,-0.0139,0,0,-0.0139,1,0,0.0007,-0.0948,0.2323,1]},{"frame":82,"values":[-1,0,0,0,0,-0.9999,-0.0139,0,0,-0.0139,1,0,0.0013,-0.0785,0.2415,1]},{"frame":111,"values":[-0.9771,-0.2127,0,0,0.2126,-0.977,-0.0139,0,0.003,-0.0136,1,0,-0.0025,-0.0795,0.2492,1]},{"frame":112,"values":[-0.67,-0.7424,0,0,0.7423,-0.6699,-0.0139,0,0.0103,-0.0093,1,0,-0.0124,-0.0824,0.2694,1]},{"frame":113,"values":[-0.1117,-0.9937,0,0,0.9936,-0.1117,-0.0139,0,0.0138,-0.0016,1,0,-0.0224,-0.086,0.2896,1]},{"frame":114,"values":[0.1022,-0.9948,0,0,0.9947,0.1022,-0.0139,0,0.0138,0.0014,1,0,-0.0262,-0.0889,0.2973,1]},{"frame":115,"values":[0.0749,-0.9972,0,0,0.9971,0.0749,-0.0139,0,0.0138,0.001,1,0,-0.0257,-0.0913,0.2959,1]},{"frame":116,"values":[-0.0094,-1,0,0,0.9999,-0.0094,-0.0139,0,0.0139,-0.0001,1,0,-0.0243,-0.0939,0.2918,1]},{"frame":117,"values":[-0.1531,-0.9882,0,0,0.9881,-0.153,-0.0139,0,0.0137,-0.0021,1,0,-0.0219,-0.0967,0.2851,1]},{"frame":118,"values":[-0.3483,-0.9374,0,0,0.9373,-0.3483,-0.0139,0,0.013,-0.0048,1,0,-0.0188,-0.0995,0.2762,1]},{"frame":119,"values":[-0.5666,-0.824,0,0,0.8239,-0.5666,-0.0139,0,0.0114,-0.0079,1,0,-0.0151,-0.1023,0.2657,1]},{"frame":120,"values":[-0.7618,-0.6478,0,0,0.6478,-0.7617,-0.0139,0,0.009,-0.0106,1,0,-0.0112,-0.1049,0.2547,1]},{"frame":121,"values":[-0.8969,-0.4423,0,0,0.4422,-0.8968,-0.0139,0,0.0061,-0.0125,1,0,-0.0075,-0.1071,0.2442,1]},{"frame":122,"values":[-0.9674,-0.2532,0,0,0.2532,-0.9673,-0.0139,0,0.0035,-0.0134,1,0,-0.0043,-0.1089,0.2353,1]},{"frame":123,"values":[-0.9938,-0.1115,0,0,0.1115,-0.9937,-0.0139,0,0.0015,-0.0138,1,0,-0.0019,-0.1101,0.2286,1]},{"frame":124,"values":[-0.9996,-0.0273,0,0,0.0273,-0.9995,-0.0139,0,0.0004,-0.0139,1,0,-0.0005,-0.1109,0.2245,1]},{"frame":125,"values":[-1,0,0,0,0,-0.9999,-0.0139,0,0,-0.0139,1,0,0,-0.1111,0.2232,1]}],"loopBehavior":1,"name":"anim","property":"_matrix"}},
